{
 "cells": [
  {
   "cell_type": "code",
   "execution_count": 1,
   "metadata": {},
   "outputs": [
    {
     "name": "stdout",
     "output_type": "stream",
     "text": [
      "Collecting graphviz\n",
      "  Downloading graphviz-0.20.3-py3-none-any.whl.metadata (12 kB)\n",
      "Downloading graphviz-0.20.3-py3-none-any.whl (47 kB)\n",
      "Installing collected packages: graphviz\n",
      "Successfully installed graphviz-0.20.3\n",
      "Collecting pydot\n",
      "  Downloading pydot-4.0.0-py3-none-any.whl.metadata (10 kB)\n",
      "Requirement already satisfied: pyparsing>=3.0.9 in /home/jhaberbe/Projects/spatial-indian-buffet-process/.venv/lib/python3.13/site-packages (from pydot) (3.2.3)\n",
      "Downloading pydot-4.0.0-py3-none-any.whl (37 kB)\n",
      "Installing collected packages: pydot\n",
      "Successfully installed pydot-4.0.0\n",
      "Collecting WordCloud\n",
      "  Downloading wordcloud-1.9.4-cp313-cp313-manylinux_2_17_x86_64.manylinux2014_x86_64.whl.metadata (3.4 kB)\n",
      "Requirement already satisfied: numpy>=1.6.1 in /home/jhaberbe/Projects/spatial-indian-buffet-process/.venv/lib/python3.13/site-packages (from WordCloud) (2.2.5)\n",
      "Requirement already satisfied: pillow in /home/jhaberbe/Projects/spatial-indian-buffet-process/.venv/lib/python3.13/site-packages (from WordCloud) (11.2.1)\n",
      "Requirement already satisfied: matplotlib in /home/jhaberbe/Projects/spatial-indian-buffet-process/.venv/lib/python3.13/site-packages (from WordCloud) (3.10.3)\n",
      "Requirement already satisfied: contourpy>=1.0.1 in /home/jhaberbe/Projects/spatial-indian-buffet-process/.venv/lib/python3.13/site-packages (from matplotlib->WordCloud) (1.3.2)\n",
      "Requirement already satisfied: cycler>=0.10 in /home/jhaberbe/Projects/spatial-indian-buffet-process/.venv/lib/python3.13/site-packages (from matplotlib->WordCloud) (0.12.1)\n",
      "Requirement already satisfied: fonttools>=4.22.0 in /home/jhaberbe/Projects/spatial-indian-buffet-process/.venv/lib/python3.13/site-packages (from matplotlib->WordCloud) (4.57.0)\n",
      "Requirement already satisfied: kiwisolver>=1.3.1 in /home/jhaberbe/Projects/spatial-indian-buffet-process/.venv/lib/python3.13/site-packages (from matplotlib->WordCloud) (1.4.8)\n",
      "Requirement already satisfied: packaging>=20.0 in /home/jhaberbe/Projects/spatial-indian-buffet-process/.venv/lib/python3.13/site-packages (from matplotlib->WordCloud) (25.0)\n",
      "Requirement already satisfied: pyparsing>=2.3.1 in /home/jhaberbe/Projects/spatial-indian-buffet-process/.venv/lib/python3.13/site-packages (from matplotlib->WordCloud) (3.2.3)\n",
      "Requirement already satisfied: python-dateutil>=2.7 in /home/jhaberbe/Projects/spatial-indian-buffet-process/.venv/lib/python3.13/site-packages (from matplotlib->WordCloud) (2.9.0.post0)\n",
      "Requirement already satisfied: six>=1.5 in /home/jhaberbe/Projects/spatial-indian-buffet-process/.venv/lib/python3.13/site-packages (from python-dateutil>=2.7->matplotlib->WordCloud) (1.17.0)\n",
      "Downloading wordcloud-1.9.4-cp313-cp313-manylinux_2_17_x86_64.manylinux2014_x86_64.whl (537 kB)\n",
      "\u001b[2K   \u001b[90m━━━━━━━━━━━━━━━━━━━━━━━━━━━━━━━━━━━━━━━━\u001b[0m \u001b[32m537.2/537.2 kB\u001b[0m \u001b[31m9.5 MB/s\u001b[0m eta \u001b[36m0:00:00\u001b[0m\n",
      "\u001b[?25hInstalling collected packages: WordCloud\n",
      "Successfully installed WordCloud-1.9.4\n"
     ]
    }
   ],
   "source": [
    "! pip install graphviz\n",
    "! pip install pydot\n",
    "! pip install WordCloud"
   ]
  },
  {
   "cell_type": "code",
   "execution_count": 4,
   "metadata": {},
   "outputs": [],
   "source": [
    "import numpy as np\n",
    "from scipy.special import gammaln\n",
    "import random\n",
    "from collections import Counter\n",
    "import pickle\n",
    "import matplotlib.pyplot as plt\n",
    "from wordcloud import WordCloud\n",
    "import pickle\n",
    "# import graphviz\n",
    "# import pydot\n",
    "# import pygraphviz"
   ]
  },
  {
   "cell_type": "markdown",
   "metadata": {},
   "source": [
    "### 1. Read in data set\n",
    "\n",
    "We read in the **pubmed.pic.** data that we used in the previous homework as an example. We also generated a very simple example by several letters"
   ]
  },
  {
   "cell_type": "code",
   "execution_count": 5,
   "metadata": {},
   "outputs": [],
   "source": [
    "docs=pickle.load(open('pubmed.pic', 'rb'))\n",
    "docslist=[]\n",
    "docs_list=list(docs)\n",
    "for j in range(10):\n",
    "    corpus=[]\n",
    "    for i in range(10):\n",
    "        corpus=corpus+[docs_list[i+j*10]]\n",
    "    docslist.append(str(corpus))\n",
    "corpus=[x.split(\" \")  for x in docslist]\n",
    "\n",
    "corpus1=corpus"
   ]
  },
  {
   "cell_type": "markdown",
   "metadata": {},
   "source": [
    "a simple example made by ourselve"
   ]
  },
  {
   "cell_type": "code",
   "execution_count": 7,
   "metadata": {},
   "outputs": [],
   "source": [
    "corpus2=[['a'],['b','c','d'],['e','f','a','c'],['g','d','e','b','a']]"
   ]
  },
  {
   "cell_type": "markdown",
   "metadata": {},
   "source": [
    "a make up topic"
   ]
  },
  {
   "cell_type": "code",
   "execution_count": 8,
   "metadata": {},
   "outputs": [],
   "source": [
    "topic=[['a', 'ggtfdg', 'dsgfgfd', 'ds', 'ds', 'yhhr'], ['123', '66']]"
   ]
  },
  {
   "cell_type": "markdown",
   "metadata": {},
   "source": [
    "### 2. Code process\n",
    "2.1 **CRP_next**: Calculate the probability for a new customer set in the $n$th table "
   ]
  },
  {
   "cell_type": "code",
   "execution_count": 9,
   "metadata": {},
   "outputs": [],
   "source": [
    "def CRP_next(lambdas,topic):\n",
    "    \"\"\"\n",
    "    Description\n",
    "    ---------\n",
    "    Funcion: Chinese Restaurant Process\n",
    "    \n",
    "    Parameter\n",
    "    ---------\n",
    "    alpha: concentration parameter \n",
    "    topic: the exist tables \n",
    "    \n",
    "    Return\n",
    "    ------\n",
    "    p: the probability for a new customer to sit in each of the tables\n",
    "    \"\"\"\n",
    "    import numpy as np\n",
    "    N=len(topic) # number of tables\n",
    "    word_list=[] # total customers\n",
    "    for t in topic:\n",
    "        word_list=word_list+t\n",
    "    m=len(word_list) # customers' number\n",
    "    \n",
    "    tables = np.array([len(x) for x in topic])  # tables with their customers\n",
    "    p_old=tables/(lambdas+m) # the probability of sitting in a table with other people   \n",
    "    p_new=lambdas/(lambdas+m)      # the probability of sitting in a new table\n",
    "    p=[p_new]+list(p_old)  # the last probability is the probability to sit in a new table \n",
    "    return(p)"
   ]
  },
  {
   "cell_type": "markdown",
   "metadata": {},
   "source": [
    " Example\n",
    " + the first number is probability to the set in a new table\n",
    " + the following number is the probability to sit in old tables"
   ]
  },
  {
   "cell_type": "code",
   "execution_count": 10,
   "metadata": {},
   "outputs": [
    {
     "data": {
      "text/plain": [
       "[0.1111111111111111,\n",
       " np.float64(0.6666666666666666),\n",
       " np.float64(0.2222222222222222)]"
      ]
     },
     "execution_count": 10,
     "metadata": {},
     "output_type": "execute_result"
    }
   ],
   "source": [
    "CRP_next(1,topic) "
   ]
  },
  {
   "cell_type": "markdown",
   "metadata": {},
   "source": [
    "2.2 **topics**: get the topic number of the corpus"
   ]
  },
  {
   "cell_type": "code",
   "execution_count": 11,
   "metadata": {},
   "outputs": [],
   "source": [
    "def topics(corpus,lambdas):\n",
    "    \"\"\"\n",
    "    Description\n",
    "    ---------\n",
    "    Funcion: get a topic list based on CRP\n",
    "    \n",
    "    Parameter\n",
    "    ---------\n",
    "    lambda: concentration parameter \n",
    "    corpus: a list of lists \n",
    "    \n",
    "    Return\n",
    "    ------\n",
    "    topic: a list of lists\n",
    "    \"\"\"\n",
    "    topic=[]\n",
    "    for docs in corpus:\n",
    "        for word in docs:\n",
    "            p=CRP_next(lambdas,topic)\n",
    "            position=np.random.multinomial(1, list((np.array(p)/sum(p))))\n",
    "            position=int(np.where(position!=0)[0])\n",
    "            if position==0:\n",
    "                topic.append([word])\n",
    "            else:\n",
    "                topic[position-1].append(word)\n",
    "    return(topic)"
   ]
  },
  {
   "cell_type": "markdown",
   "metadata": {},
   "source": [
    "Example"
   ]
  },
  {
   "cell_type": "code",
   "execution_count": 12,
   "metadata": {},
   "outputs": [
    {
     "name": "stderr",
     "output_type": "stream",
     "text": [
      "/tmp/ipykernel_137044/944838614.py:21: DeprecationWarning: Conversion of an array with ndim > 0 to a scalar is deprecated, and will error in future. Ensure you extract a single element from your array before performing this operation. (Deprecated NumPy 1.25.)\n",
      "  position=int(np.where(position!=0)[0])\n"
     ]
    },
    {
     "data": {
      "text/plain": [
       "25"
      ]
     },
     "execution_count": 12,
     "metadata": {},
     "output_type": "execute_result"
    }
   ],
   "source": [
    "lambdas=4\n",
    "len(topics(corpus1,lambdas))"
   ]
  },
  {
   "cell_type": "code",
   "execution_count": 13,
   "metadata": {},
   "outputs": [
    {
     "name": "stderr",
     "output_type": "stream",
     "text": [
      "/tmp/ipykernel_137044/944838614.py:21: DeprecationWarning: Conversion of an array with ndim > 0 to a scalar is deprecated, and will error in future. Ensure you extract a single element from your array before performing this operation. (Deprecated NumPy 1.25.)\n",
      "  position=int(np.where(position!=0)[0])\n"
     ]
    },
    {
     "data": {
      "text/plain": [
       "[['a'], ['b'], ['c', 'c', 'a'], ['d', 'e', 'a', 'g', 'd', 'e', 'b'], ['f']]"
      ]
     },
     "execution_count": 13,
     "metadata": {},
     "output_type": "execute_result"
    }
   ],
   "source": [
    "np.random.seed(2)\n",
    "topics(corpus2,lambdas)"
   ]
  },
  {
   "cell_type": "markdown",
   "metadata": {},
   "source": [
    "2.3 **Z** \n",
    "\n",
    "The $z_{m,n}$ is sampled under LDA model based on the method in paper:\n",
    "\n",
    "\\begin{align*}\n",
    "p(z_{i}=j\\hspace{0.5ex}|\\hspace{0.5ex}{\\bf z}_{-i},{\\bf w})\\propto\\frac{n_{-i,  j}^{(w_{i})}+\\beta}{n_{-i, j}^{(\\cdot)}+W\\beta}\\frac{n^{(d_{i})}+\\alpha}{n_{-i,\\cdot}^{(d_{i})}+T\\alpha}\n",
    "\\end{align*}\n",
    "\n",
    "where:\n",
    "\n",
    " + $z_{i}$ is the assignments of words to topics;\n",
    " + $n_{-i,j}^{(w_{i})}$ is number of words assigned to topic $j$ that are the same as $w_i$; \n",
    " + $n_{-i,j}^{(\\cdot)}$ is total number of words assigned to topic $j$; \n",
    " + $n_{-i,j}^{(d_{i})}$ shows number of words from document $d_i$ assigned to topic $j$, $n_{-i,\\cdot}^{(d_{i})}$ represents total number of words in document $d_i$;\n",
    " + $W$ shows number of words have been assigned\n",
    " + $\\alpha,\\beta$: free parameters that determine how heavily these empirical distributins are smoothed."
   ]
  },
  {
   "cell_type": "code",
   "execution_count": null,
   "metadata": {},
   "outputs": [],
   "source": [
    "def Z(corpus, T, alpha, beta):\n",
    "    \"\"\"\n",
    "    Description\n",
    "    ---------\n",
    "    Funcion:  sample zmn under LDA model\n",
    "    \n",
    "    Parameter\n",
    "    ---------\n",
    "    corpus: the total corpus, a list of documents, that is, a list of lists\n",
    "    T: the number of topics\n",
    "    alpha, beta: parameters\n",
    "    \n",
    "    Return\n",
    "    ------\n",
    "    topic: the word list in each topic\n",
    "    topic_num: the length of each topic\n",
    "    \"\"\"\n",
    "    import numpy as np\n",
    "    W=np.sum([len(word) for word in corpus]) # the number of the total words\n",
    "    N=len(corpus)                            # the number of documents \n",
    "    topic=[[] for t in range(T)]\n",
    "    topic_num=[[] for t in range(T)]\n",
    "    for i,di in enumerate(corpus):\n",
    "        for wi in di:\n",
    "            p=np.zeros(T)\n",
    "            for j in range(T):\n",
    "                nij_wi=topic[j].count(wi)   # number of wi tht assigned to topic j\n",
    "                nij=len(topic[j])           # total number of words assigned to topic j \n",
    "                nij_di=np.sum(np.isin(topic[j],di)) # number of words from di in topic j\n",
    "                ni_di=len(di)               # total number of words in di\n",
    "                part1=(nij_wi+beta)/(nij+W*beta)\n",
    "                part2=(nij_di+alpha)/(ni_di+T*alpha)\n",
    "                p[j]=part1 * part2\n",
    "            pp=p/np.sum(p)\n",
    "            w_assign=np.random.multinomial(1, pp, size=1)\n",
    "            i_topic=int(np.where(w_assign[0]==1)[0])\n",
    "            topic[i_topic].append(wi)\n",
    "            topic_num[i_topic].append(i)\n",
    "    return(topic,topic_num)"
   ]
  },
  {
   "cell_type": "markdown",
   "metadata": {},
   "source": [
    "Example"
   ]
  },
  {
   "cell_type": "code",
   "execution_count": 38,
   "metadata": {},
   "outputs": [
    {
     "name": "stdout",
     "output_type": "stream",
     "text": [
      "[0.25 0.25 0.25 0.25]\n",
      "[0.20005655 0.20005655 0.39983034 0.20005655]\n",
      "[0.16678445 0.16678445 0.49964664 0.16678445]\n",
      "[0.14303018 0.14303018 0.57090946 0.14303018]\n",
      "[0.12522077 0.12522077 0.62433769 0.12522077]\n",
      "[0.11137273 0.11137273 0.6658818  0.11137273]\n",
      "[0.10029665 0.10029665 0.69911004 0.10029665]\n",
      "[0.09123596 0.09123596 0.72629213 0.09123596]\n",
      "[0.08368644 0.08368644 0.74894068 0.08368644]\n",
      "[0.07729915 0.07729915 0.76810256 0.07729915]\n",
      "[0.14341857 0.07176    0.71306143 0.07176   ]\n",
      "[0.1339415  0.06701811 0.73202228 0.06701811]\n",
      "[0.12565021 0.06286954 0.74861072 0.06286954]\n",
      "[0.06711217 0.03357982 0.86572819 0.03357982]\n",
      "[0.11183378 0.05595643 0.77625336 0.05595643]\n",
      "[0.15877292 0.05299916 0.73522876 0.05299916]\n",
      "[0.15092989 0.05038112 0.74830786 0.05038112]\n",
      "[0.14370034 0.09586793 0.71246387 0.04796786]\n",
      "[0.08163418 0.08163418 0.80948176 0.02724988]\n",
      "[0.13125738 0.13125738 0.6936709  0.04381434]\n",
      "[0.12586543 0.12586543 0.70625467 0.04201448]\n",
      "[0.12090566 0.12090566 0.7178298  0.04035889]\n",
      "[0.11632811 0.11632811 0.7285129  0.03883088]\n",
      "[0.14922468 0.11199755 0.70139246 0.03738532]\n",
      "[0.14398365 0.108064   0.71188007 0.03607228]\n",
      "[0.13910486 0.10440232 0.72164282 0.03485   ]\n",
      "[0.13455201 0.10098527 0.73075335 0.03370937]\n",
      "[0.13029349 0.09778913 0.7392749  0.03264248]\n",
      "[0.15763539 0.09471482 0.71603352 0.03161626]\n",
      "[0.1529532  0.09190154 0.72446809 0.03067718]\n",
      "[0.14854709 0.08925414 0.73240531 0.02979346]\n",
      "[0.14439334 0.08675837 0.73988793 0.02896036]\n",
      "[0.14047088 0.08440157 0.7469539  0.02817365]\n",
      "[0.16386216 0.08210466 0.72662625 0.02740693]\n",
      "[0.07701811 0.033101   0.87883162 0.01104927]\n",
      "[0.18117015 0.10374498 0.6890936  0.02599127]\n",
      "[0.17674687 0.10121204 0.6966844  0.02535669]\n",
      "[0.17254013 0.0988031  0.70390358 0.02475318]\n",
      "[0.16853442 0.09650928 0.71077779 0.02417851]\n",
      "[0.16471566 0.09432251 0.71733117 0.02363066]\n",
      "[0.16107106 0.09223547 0.72358568 0.02310779]\n",
      "[0.15745317 0.11262518 0.70733289 0.02258876]\n",
      "[0.10396016 0.06511257 0.81786792 0.01305935]\n",
      "[0.17224678 0.107882   0.69823378 0.02163744]\n",
      "[0.28878464 0.09043613 0.60264085 0.01813839]\n",
      "[0.16541604 0.10360375 0.71020085 0.02077937]\n",
      "[0.16220641 0.10159349 0.71582393 0.02037618]\n",
      "[0.17875247 0.09958706 0.70168671 0.01997376]\n",
      "[0.17542054 0.09773077 0.70724724 0.01960145]\n",
      "[0.19107661 0.09587518 0.69381893 0.01922928]\n",
      "[0.20612846 0.09409121 0.68090886 0.01887148]\n",
      "[0.20249947 0.09243469 0.68652661 0.01853923]\n",
      "[0.11877252 0.06501329 0.80534033 0.01087386]\n",
      "[0.19546469 0.10699278 0.67964734 0.01789519]\n",
      "[0.1920568  0.12256224 0.66779778 0.01758319]\n",
      "[0.18891112 0.1205548  0.67323889 0.01729519]\n",
      "[0.07885929 0.05032454 0.86359645 0.00721973]\n",
      "[0.19928694 0.11666005 0.66731657 0.01673644]\n",
      "[0.08742493 0.09454774 0.81124526 0.00678207]\n",
      "[0.22478277 0.11294543 0.64606827 0.01620353]\n",
      "[0.22139479 0.11124309 0.65140282 0.0159593 ]\n",
      "[0.21811187 0.10959353 0.65657194 0.01572265]\n",
      "[0.2149292  0.10799435 0.66158322 0.01549323]\n",
      "[0.21184225 0.10644327 0.66644377 0.01527071]\n",
      "[0.22346897 0.10487305 0.65661254 0.01504544]\n",
      "[0.22035506 0.1034117  0.66139745 0.01483579]\n",
      "[0.2171382  0.10190204 0.65174201 0.02921775]\n",
      "[0.3528263  0.08278995 0.5406459  0.02373785]\n",
      "[0.21134612 0.09918384 0.66103166 0.02843838]\n",
      "[0.15816224 0.07422487 0.75697186 0.01064102]\n",
      "[0.20586965 0.09661376 0.66981512 0.02770147]\n",
      "[0.15932403 0.03738505 0.79257174 0.01071919]\n",
      "[0.20052488 0.10747343 0.6650194  0.02698229]\n",
      "[0.21095499 0.10607131 0.65634343 0.02663027]\n",
      "[0.20836857 0.10477083 0.66055683 0.02630377]\n",
      "[0.20584822 0.10350355 0.66466262 0.02598561]\n",
      "[0.15451813 0.08734431 0.74838462 0.00975293]\n",
      "[0.20084022 0.11352875 0.66027762 0.02535342]\n",
      "[0.19850397 0.11220814 0.66422939 0.0250585 ]\n",
      "[0.19622453 0.11091964 0.66808508 0.02477075]\n",
      "[0.19399984 0.10966209 0.67184816 0.02448991]\n",
      "[0.19168068 0.12030556 0.66381661 0.02419715]\n",
      "[0.18956013 0.11897462 0.6675358  0.02392945]\n",
      "[0.18748876 0.11767456 0.6711687  0.02366797]\n",
      "[0.18532481 0.12785818 0.66342221 0.0233948 ]\n",
      "[0.18321317 0.13779559 0.65586301 0.02312823]\n",
      "[0.18128009 0.13634171 0.659494   0.02288421]\n",
      "[0.17938991 0.1349201  0.6630444  0.0226456 ]\n",
      "[0.17741338 0.14445162 0.65573891 0.02239609]\n",
      "[0.175605   0.14297923 0.65924796 0.0221678 ]\n",
      "[0.1738355  0.14153848 0.66268159 0.02194443]\n",
      "[0.0737982  0.06008718 0.85679858 0.00931604]\n",
      "[0.10208166 0.08311584 0.80191604 0.01288646]\n",
      "[0.16874807 0.13739625 0.67255347 0.02130221]\n",
      "[0.16712216 0.13607242 0.67570847 0.02109696]\n",
      "[0.16552941 0.13477559 0.67879911 0.02089589]\n",
      "[0.09809811 0.0798724  0.8158377  0.00619179]\n",
      "[0.16243943 0.1322597  0.68479504 0.02050583]\n",
      "[0.16094032 0.13103911 0.68770399 0.02031658]\n",
      "[0.28942548 0.1109731  0.58239592 0.01720551]\n",
      "[0.16754203 0.13826586 0.67427233 0.01991978]\n",
      "[0.16592059 0.14660556 0.66774685 0.019727  ]\n",
      "[0.16444895 0.14530524 0.67069378 0.01955203]\n",
      "[0.10416277 0.08698467 0.8030003  0.00585225]\n",
      "[0.1708554  0.14267862 0.66726738 0.01919859]\n",
      "[0.17854913 0.14135469 0.66107573 0.01902045]\n",
      "[0.08911344 0.07054978 0.83559026 0.00474653]\n",
      "[0.17553023 0.13896467 0.66680626 0.01869885]\n",
      "[0.18297293 0.1377102  0.66078682 0.01853005]\n",
      "[0.18145582 0.13656837 0.6635994  0.01837641]\n",
      "[0.17983681 0.14427217 0.65767857 0.01821245]\n",
      "[0.178373   0.14309784 0.66046495 0.01806421]\n",
      "[0.09402935 0.07189208 0.82954085 0.00453771]\n",
      "[0.18404755 0.14071735 0.65747139 0.0177637 ]\n",
      "[0.18258997 0.13960293 0.66018408 0.01762302]\n",
      "[0.07818749 0.05977986 0.85825944 0.00377321]\n",
      "[0.17974862 0.13743052 0.66547208 0.01734878]\n",
      "[0.0766334  0.05859165 0.86107675 0.00369821]\n",
      "[0.17700159 0.13533022 0.67058454 0.01708365]\n",
      "[0.175662   0.13430601 0.67307764 0.01695435]\n",
      "[0.17434428 0.13329851 0.67553004 0.01682717]\n",
      "[0.26513533 0.20271469 0.51935496 0.01279502]\n",
      "[0.17177234 0.13133209 0.68031663 0.01657894]\n",
      "[0.17051712 0.13037238 0.68265272 0.01645779]\n",
      "[0.16915518 0.13731818 0.6772003  0.01632634]\n",
      "[0.21656235 0.13573008 0.62027379 0.02743378]\n",
      "[0.0844627  0.06347983 0.84670767 0.0053498 ]\n",
      "[0.20577031 0.15465127 0.61351176 0.02606666]\n",
      "[0.20062445 0.17579157 0.59816919 0.02541479]\n",
      "[0.08994335 0.0701025  0.83488667 0.00506748]\n",
      "[0.21512583 0.16767062 0.59296283 0.02424072]\n",
      "[0.23332397 0.163783   0.57921435 0.02367867]\n",
      "[0.22832864 0.1602765  0.58822313 0.02317173]\n",
      "[0.2232456  0.17897038 0.57512814 0.02265588]\n",
      "[0.07979679 0.06397108 0.85218308 0.00404905]\n",
      "[0.214292   0.1717925  0.59216828 0.02174723]\n",
      "[0.2306523  0.16821537 0.57983793 0.0212944 ]\n",
      "[0.14405845 0.10506223 0.72429844 0.02658089]\n",
      "[0.22159761 0.16161176 0.57590263 0.040888  ]\n",
      "[0.08857843 0.05925833 0.84466701 0.00749622]\n",
      "[0.23255631 0.1555785  0.57250361 0.03936158]\n",
      "[0.22842715 0.15281612 0.58009403 0.03866269]\n",
      "[0.08161785 0.05043667 0.8615652  0.00638027]\n",
      "[0.08737962 0.05399722 0.84496179 0.01366137]\n",
      "[0.37998115 0.11740681 0.47290796 0.02970409]\n",
      "[0.20190208 0.24953532 0.5169962  0.03156639]\n",
      "[0.23075916 0.16031337 0.59088845 0.01803903]\n",
      "[0.22305913 0.15496399 0.58710268 0.03487419]\n",
      "[0.13904688 0.10725728 0.73195655 0.02173929]\n",
      "[0.21593158 0.16656422 0.58374436 0.03375984]\n",
      "[0.21235464 0.16380505 0.57407455 0.04976576]\n",
      "[0.36720418 0.1316013  0.46121261 0.03998191]\n",
      "[0.18902085 0.12654078 0.66521614 0.01922223]\n",
      "[0.23359874 0.15638364 0.56250658 0.04751105]\n",
      "[0.24522265 0.15401179 0.55397511 0.04679045]\n",
      "[0.24153128 0.16674657 0.54563604 0.04608611]\n",
      "[0.23819895 0.16444602 0.55190476 0.04545028]\n",
      "[0.23496153 0.16221099 0.55799493 0.04483255]\n",
      "[0.23181502 0.16003873 0.56391408 0.04423217]\n",
      "[0.24265845 0.15777968 0.55595406 0.04360781]\n",
      "[0.23950059 0.1557264  0.5617327  0.04304031]\n",
      "[0.07975302 0.05185645 0.86122437 0.00716615]\n",
      "[0.2467728  0.15164575 0.55966897 0.04191248]\n",
      "[0.25682744 0.14962147 0.55219809 0.041353  ]\n",
      "[0.07901243 0.04603074 0.86859575 0.00636108]\n",
      "[0.25058175 0.14598288 0.56308802 0.04034736]\n",
      "[0.2475773  0.14423256 0.56832654 0.0398636 ]\n",
      "[0.11395567 0.06638782 0.80130796 0.01834854]\n",
      "[0.24179062 0.14086138 0.57841614 0.03893186]\n",
      "[0.23875871 0.15163447 0.57116314 0.03844367]\n",
      "[0.14976729 0.09511647 0.7310015  0.02411474]\n",
      "[0.23315384 0.16030286 0.56900209 0.03754121]\n",
      "[0.2555642  0.08785545 0.63600555 0.0205748 ]\n",
      "[0.22803448 0.1567831  0.5784655  0.03671691]\n",
      "[0.225563   0.15508385 0.58303418 0.03631897]\n",
      "[0.06559505 0.04287398 0.88651066 0.00502031]\n",
      "[0.23204225 0.15166656 0.58077251 0.03551868]\n",
      "[0.22939205 0.16135555 0.57413939 0.03511301]\n",
      "[0.22701948 0.15968667 0.57854402 0.03474984]\n",
      "[0.1419579  0.09985392 0.7364587  0.02172948]\n",
      "[0.14791812 0.0991603  0.73134304 0.02157854]\n",
      "[0.23085717 0.1547604  0.58070461 0.03367782]\n",
      "[0.22857493 0.15323045 0.58484974 0.03334489]\n",
      "[0.22634025 0.15173238 0.58890848 0.03301889]\n",
      "[0.2344659  0.15013876 0.58272325 0.03267209]\n",
      "[0.23222233 0.1487021  0.5867161  0.03235946]\n",
      "[0.1089754  0.04652114 0.83944167 0.00506179]\n",
      "[0.23786624 0.14579432 0.58461275 0.03172669]\n",
      "[0.23566108 0.14444272 0.58846363 0.03143256]\n",
      "[0.14809674 0.09077229 0.75125437 0.0098766 ]\n",
      "[0.23137938 0.14181836 0.59594079 0.03086147]\n",
      "[0.22902996 0.14037834 0.58988962 0.04070208]\n",
      "[0.22673098 0.13896923 0.58396838 0.0503314 ]\n",
      "[0.2247343  0.13774542 0.58763211 0.04988816]\n",
      "[0.22277501 0.13654451 0.59122725 0.04945323]\n",
      "[0.11825318 0.07248041 0.79614106 0.01312535]\n",
      "[0.24099316 0.07385544 0.65840268 0.02674871]\n",
      "[0.22620914 0.13296402 0.59267038 0.04815646]\n",
      "[0.22431219 0.13184901 0.59608618 0.04775262]\n",
      "[0.37579581 0.10610029 0.47967686 0.03842704]\n",
      "[0.22946797 0.12957366 0.59402983 0.04692854]\n",
      "[0.22759716 0.12851727 0.59733963 0.04654594]\n",
      "[0.10364957 0.05852779 0.82722394 0.0105987 ]\n",
      "[0.19881104 0.22452523 0.53600484 0.04065889]\n",
      "[0.22217707 0.12545671 0.60692874 0.04543748]\n",
      "[0.22890713 0.1243712  0.60167733 0.04504434]\n",
      "[0.05675909 0.03083869 0.90681769 0.00558453]\n",
      "[0.22537145 0.12245018 0.60782979 0.04434859]\n",
      "[0.22343753 0.12998048 0.60261396 0.04396803]\n",
      "[0.22153912 0.13737247 0.59749395 0.04359446]\n",
      "[0.22799494 0.13623323 0.5925389  0.04323293]\n",
      "[0.22629453 0.13521719 0.59557778 0.04291049]\n",
      "[0.22462144 0.13421747 0.59856785 0.04259324]\n",
      "[0.23089663 0.13313124 0.5937236  0.04224853]\n",
      "[0.2292178  0.13216325 0.5966776  0.04194134]\n",
      "[0.22756532 0.13121046 0.59958524 0.04163898]\n",
      "[0.14099592 0.08129595 0.75190927 0.02579886]\n",
      "[0.22433695 0.12934904 0.60526575 0.04104826]\n",
      "[0.22275989 0.12843973 0.60804068 0.0407597 ]\n",
      "[0.22120683 0.12754426 0.61077338 0.04047553]\n",
      "[0.21967722 0.12666231 0.61346482 0.04019565]\n",
      "[0.21817054 0.12579358 0.61611592 0.03991996]\n",
      "[0.08629825 0.05283139 0.85297511 0.00789525]\n",
      "[0.22238106 0.13153655 0.6067681  0.03931429]\n",
      "[0.33252352 0.0634198  0.58510146 0.01895522]\n",
      "[0.23388075 0.12959135 0.59779501 0.03873289]\n",
      "[0.2394925  0.1286421  0.59341622 0.03844918]\n",
      "[0.23792281 0.12779895 0.59608107 0.03819717]\n",
      "[0.08510413 0.04836869 0.85286418 0.01366299]\n",
      "[0.25658702 0.07291526 0.64990091 0.0205968 ]\n",
      "[0.23314173 0.13250545 0.59692322 0.0374296 ]\n",
      "[0.23146027 0.13876196 0.59261812 0.03715965]\n",
      "[0.22999936 0.13788613 0.5951894  0.03692511]\n",
      "[0.40038277 0.06000803 0.52353941 0.0160698 ]\n",
      "[0.37913181 0.11027777 0.48105866 0.02953175]\n",
      "[0.23917384 0.13513692 0.58950035 0.03618889]\n",
      "[0.23750795 0.14116084 0.58539438 0.03593683]\n",
      "[0.24267156 0.1402049  0.58143008 0.03569346]\n",
      "[0.24100658 0.14610399 0.57744087 0.03544857]\n",
      "[0.14080038 0.05690438 0.79539201 0.00690323]\n",
      "[0.23812995 0.14436011 0.58248449 0.03502546]\n",
      "[0.23671991 0.14350531 0.58495672 0.03481806]\n",
      "[0.0727095  0.04288319 0.87400276 0.01040456]\n",
      "[0.24031037 0.14173215 0.58356964 0.03438785]\n",
      "[0.23872368 0.14739899 0.57971653 0.0341608 ]\n",
      "[0.15001746 0.09262769 0.73588771 0.02146714]\n",
      "[0.23599041 0.14571135 0.58452856 0.03376967]\n",
      "[0.23464966 0.14488351 0.58688902 0.03357781]\n",
      "[0.0591282  0.03650847 0.89590223 0.00846111]\n",
      "[0.23201831 0.14325879 0.59152163 0.03320127]\n",
      "[0.23049424 0.14231776 0.58763606 0.03955195]\n",
      "[0.22903614 0.14774342 0.5839187  0.03930174]\n",
      "[0.22755294 0.14678666 0.58013735 0.04552304]\n",
      "[0.22631081 0.14598541 0.58242924 0.04527455]\n",
      "[0.23102266 0.14509634 0.57888218 0.04499882]\n",
      "[0.12153405 0.0508872  0.81968791 0.00789084]\n",
      "[0.22854744 0.14354175 0.58339412 0.0445167 ]\n",
      "[0.37815205 0.11570529 0.4702589  0.03588376]\n",
      "[0.23771396 0.14183616 0.57646214 0.04398774]\n",
      "[0.24220685 0.14100018 0.57306448 0.04372848]\n",
      "[0.24094137 0.14026349 0.57529514 0.04350001]\n",
      "[0.23946166 0.13940207 0.57176204 0.04937423]\n",
      "[0.05803774 0.03523119 0.90074772 0.00598336]\n",
      "[0.23682187 0.14376019 0.57058801 0.04882994]\n",
      "[0.23561493 0.14302753 0.57277646 0.04858108]\n",
      "[0.23442173 0.14230321 0.57494001 0.04833506]\n",
      "[0.23324204 0.14158709 0.57707906 0.04809182]\n",
      "[0.23207562 0.14087903 0.57919403 0.04785132]\n",
      "[0.18880919 0.11143087 0.68355039 0.01620955]\n",
      "[0.18618331 0.10988113 0.68795144 0.01598411]\n",
      "[0.03568817 0.02106234 0.94171754 0.00153194]\n",
      "[0.19582958 0.1067566  0.68188422 0.0155296 ]\n",
      "[0.08145302 0.04440416 0.86768347 0.00645935]\n",
      "[0.19069246 0.10395609 0.69022923 0.01512221]\n",
      "[0.1042649  0.02842003 0.86524797 0.00206709]\n",
      "[0.18582991 0.10130527 0.69812821 0.01473661]\n",
      "[0.04819064 0.02627115 0.92171662 0.00382159]\n",
      "[0.10624929 0.05792185 0.82740312 0.00842574]\n",
      "[0.0753247  0.02737553 0.89530864 0.00199112]\n",
      "[0.09775131 0.10657835 0.78791851 0.00775183]\n",
      "[0.1744555 0.1086159 0.703094  0.0138346]\n",
      "[0.17240611 0.10733995 0.70658186 0.01367208]\n",
      "[0.17013745 0.11908629 0.69728409 0.01349217]\n",
      "[0.1681901  0.11772326 0.7007489  0.01333774]\n",
      "[0.16628918 0.11639273 0.7041311  0.013187  ]\n",
      "[0.17671971 0.11493654 0.69532173 0.01302201]\n",
      "[0.17477156 0.11366948 0.69868051 0.01287846]\n",
      "[0.17286824 0.11243158 0.70196197 0.01273821]\n",
      "[0.17100823 0.11122185 0.70516877 0.01260115]\n",
      "[0.16919007 0.11003934 0.70830342 0.01246717]\n",
      "[0.16741236 0.10888314 0.71136833 0.01233618]\n",
      "[0.17715153 0.10760948 0.70304712 0.01219188]\n",
      "[0.17533309 0.10650488 0.7060953  0.01206673]\n",
      "[0.18475862 0.10528758 0.69802498 0.01192881]\n",
      "[0.07124125 0.03005184 0.8971737  0.00153321]\n",
      "[0.18082514 0.11441673 0.69308328 0.01167485]\n",
      "[0.17905131 0.11329435 0.69609401 0.01156032]\n",
      "[0.10436118 0.06603432 0.82286649 0.00673801]\n",
      "[0.17561236 0.11111836 0.701931   0.01133829]\n",
      "[0.17394503 0.11006336 0.70476097 0.01123064]\n",
      "[0.18272738 0.1088932  0.69726818 0.01111124]\n",
      "[0.19131339 0.1077492  0.6899429  0.01099451]\n",
      "[0.18955373 0.10675814 0.69279475 0.01089338]\n",
      "[0.18782826 0.10578635 0.69559117 0.01079422]\n",
      "[0.07018986 0.02498421 0.90355126 0.00127467]\n",
      "[0.19435958 0.10377398 0.69127755 0.01058888]\n",
      "[0.19264361 0.10285778 0.69400322 0.0104954 ]\n",
      "[0.19069699 0.11192318 0.68699048 0.01038934]\n",
      "[0.19863095 0.11082595 0.68025561 0.01028749]\n",
      "[0.19692884 0.10987626 0.68299556 0.01019934]\n",
      "[0.19525771 0.10894386 0.68568564 0.01011279]\n",
      "[0.19361672 0.10802827 0.68832721 0.0100278 ]\n",
      "[0.08061197 0.04497737 0.8702356  0.00417505]\n",
      "[0.19042196 0.10624575 0.69346996 0.00986233]\n",
      "[0.18886665 0.10537797 0.6959736  0.00978178]\n",
      "[5.32269884e-02 1.97986325e-02 9.26055469e-01 9.18910528e-04]\n",
      "[0.18583655 0.10368733 0.70085127 0.00962484]\n",
      "[0.09235344 0.02576426 0.88068651 0.00119579]\n",
      "[0.18290926 0.10205405 0.70556346 0.00947323]\n",
      "[0.18124164 0.11024079 0.6991307  0.00938687]\n",
      "[0.14003021 0.0461041  0.81023946 0.00362622]\n",
      "[0.17823054 0.11736267 0.69517588 0.00923091]\n",
      "[0.18538663 0.11634065 0.68912218 0.00915053]\n",
      "[4.94426365e-02 2.06853773e-02 9.29058504e-01 8.13482458e-04]\n",
      "[0.16384149 0.2056397  0.62243173 0.00808708]\n",
      "[0.18098915 0.11358098 0.68757547 0.0178544 ]\n",
      "[0.17966212 0.1127482  0.68986619 0.01772349]\n",
      "[0.17835601 0.11192854 0.6921208  0.01759464]\n",
      "[0.17707032 0.1111217  0.69434017 0.01746781]\n",
      "[0.17580458 0.11032737 0.6965251  0.01734295]\n",
      "[0.17455832 0.10954527 0.6986764  0.01722001]\n",
      "[0.1733311  0.10877512 0.70079483 0.01709894]\n",
      "[0.07956482 0.02496572 0.89350721 0.00196225]\n",
      "[0.17093206 0.10726959 0.70493607 0.01686228]\n",
      "[0.1695465  0.11450599 0.69922191 0.01672559]\n",
      "[0.37755649 0.09100497 0.51902334 0.01241519]\n",
      "[0.16704969 0.12079532 0.6956757  0.01647929]\n",
      "[0.10182706 0.03681609 0.85633428 0.00502257]\n",
      "[0.17237289 0.11905958 0.69232504 0.01624249]\n",
      "[0.1712363  0.11827453 0.69435378 0.01613539]\n",
      "[0.0559738  0.02577442 0.91649367 0.00175811]\n",
      "[0.16901152 0.11673785 0.69832487 0.01592575]\n",
      "[0.16792265 0.11598576 0.70026844 0.01582315]\n",
      "[0.07285421 0.04816583 0.87240903 0.00657094]\n",
      "[0.17302319 0.11439016 0.69698117 0.01560547]\n",
      "[0.10585878 0.06711534 0.81786978 0.00915609]\n",
      "[0.04496068 0.01900363 0.93473943 0.00129627]\n",
      "[0.09212343 0.17522103 0.72468747 0.00796807]\n",
      "[0.17578432 0.11144871 0.69756278 0.01520419]\n",
      "[0.17470934 0.11076716 0.69941229 0.01511121]\n",
      "[0.17344261 0.11721453 0.69434121 0.01500165]\n",
      "[0.17239725 0.11650807 0.69618345 0.01491123]\n",
      "[0.17820064 0.11569108 0.69130161 0.01480667]\n",
      "[0.05752462 0.03734602 0.90034964 0.00477971]\n",
      "[0.17609665 0.11432513 0.69494637 0.01463185]\n",
      "[0.17486176 0.12053597 0.69007303 0.01452924]\n",
      "[0.18049308 0.11971334 0.68536349 0.01443009]\n",
      "[0.18604061 0.11890296 0.68072402 0.0143324 ]\n",
      "[0.06101532 0.04126196 0.89302215 0.00470057]\n",
      "[0.16204453 0.03652785 0.79726637 0.00416126]\n",
      "[0.04152923 0.02808438 0.92718702 0.00319938]\n",
      "[0.11225884 0.07325384 0.80614224 0.00834508]\n",
      "[0.18701031 0.12203246 0.67705528 0.01390195]\n",
      "[0.18597288 0.12135549 0.6788468  0.01382483]\n",
      "[0.08074299 0.02634418 0.89141226 0.00150057]\n",
      "[0.18393582 0.12002622 0.68236457 0.0136734 ]\n",
      "[0.18293573 0.11937362 0.68409159 0.01359905]\n",
      "[0.18194766 0.11872886 0.68579788 0.0135256 ]\n",
      "[0.10724332 0.06998099 0.81480345 0.00797224]\n",
      "[0.10656643 0.06953929 0.81597236 0.00792192]\n",
      "[0.17885469 0.12311016 0.68473947 0.01329568]\n",
      "[0.07193521 0.0247574  0.90197051 0.00133688]\n",
      "[0.17698325 0.121822   0.68803819 0.01315656]\n",
      "[0.1760638  0.12118912 0.68965888 0.01308821]\n",
      "[0.17515494 0.12056352 0.69126089 0.01302065]\n",
      "[0.29651756 0.10734782 0.58511338 0.01102124]\n",
      "[0.17317818 0.12539089 0.68855723 0.0128737 ]\n",
      "[0.1723009  0.12475568 0.69013494 0.01280848]\n",
      "[0.17143349 0.12412763 0.69169488 0.012744  ]\n",
      "[0.1705758  0.12350661 0.69323735 0.01268024]\n",
      "[0.16972766 0.12289251 0.69476264 0.01261719]\n",
      "[0.1687059  0.12817267 0.69058019 0.01254124]\n",
      "[0.17358784 0.12741995 0.68652462 0.01246759]\n",
      "[0.17274014 0.1267977  0.68805545 0.0124067 ]\n",
      "[0.17171889 0.13196016 0.6839876  0.01233335]\n",
      "[0.05285673 0.02707907 0.91879875 0.00126544]\n",
      "[0.17007062 0.13069352 0.68702088 0.01221497]\n",
      "[0.06410573 0.15440147 0.77688854 0.00460426]\n",
      "[0.16828045 0.13510363 0.68452952 0.0120864 ]\n",
      "[0.28691951 0.11517638 0.58760041 0.0103037 ]\n",
      "[0.16670285 0.13383706 0.687487   0.01197309]\n",
      "[0.09106051 0.14621551 0.75618374 0.00654023]\n",
      "[0.16515822 0.13259695 0.69038268 0.01186215]\n",
      "[0.16439794 0.13198657 0.69180795 0.01180754]\n",
      "[0.16347519 0.13685866 0.68792489 0.01174127]\n",
      "[0.16273118 0.13623578 0.68934521 0.01168783]\n",
      "[0.09925942 0.08038253 0.81346193 0.00689611]\n",
      "[0.06305707 0.02553252 0.91031518 0.00109523]\n",
      "[0.16581094 0.13427746 0.68839177 0.01151982]\n",
      "[0.1650731  0.13367994 0.6897784  0.01146856]\n",
      "[0.16434266 0.13308841 0.69115111 0.01141781]\n",
      "[0.16361952 0.13250279 0.69251012 0.01136757]\n",
      "[0.16290355 0.13192299 0.69385563 0.01131783]\n",
      "[0.16733066 0.13122529 0.69018607 0.01125798]\n",
      "[0.16660634 0.13065726 0.69152715 0.01120924]\n",
      "[0.16588912 0.1300948  0.6928551  0.01116099]\n",
      "[0.16517888 0.12953781 0.69417011 0.0111132 ]\n",
      "[0.15186723 0.1128127  0.70364551 0.03167456]\n",
      "[0.03554079 0.01760069 0.94438763 0.00247088]\n",
      "[0.14933452 0.1109313  0.70858787 0.03114631]\n",
      "[0.14810175 0.11001556 0.7109935  0.0308892 ]\n",
      "[0.03257006 0.01612951 0.94903608 0.00226435]\n",
      "[0.14570047 0.1082318  0.71567935 0.03038837]\n",
      "[0.14453086 0.10736297 0.71796175 0.03014443]\n",
      "[0.25080213 0.09315263 0.62989066 0.02615458]\n",
      "[0.14197001 0.10546067 0.71311661 0.03945272]\n",
      "[0.05955505 0.08300537 0.84191347 0.01552611]\n",
      "[0.14876955 0.10367441 0.70877155 0.03878448]\n",
      "[0.15652262 0.10273014 0.70231601 0.03843123]\n",
      "[0.26852735 0.09606644 0.60244025 0.03296596]\n",
      "[0.23018801 0.05490029 0.69607224 0.01883947]\n",
      "[0.15277033 0.10930806 0.70041168 0.03750992]\n",
      "[0.15164017 0.10849943 0.70262797 0.03723243]\n",
      "[0.15052791 0.1077036  0.70480916 0.03695934]\n",
      "[0.14943312 0.10692027 0.70695607 0.03669053]\n",
      "[0.14835541 0.10614916 0.70906952 0.03642592]\n",
      "[0.15563487 0.10524184 0.70300872 0.03611457]\n",
      "[0.1545312  0.10449554 0.70511479 0.03585847]\n",
      "[0.15344436 0.1037606  0.70718877 0.03560627]\n",
      "[0.15237394 0.10303677 0.70923141 0.03535788]\n",
      "[0.04262072 0.0192137  0.93486891 0.00329667]\n",
      "[0.08771812 0.05931587 0.8326113  0.02035471]\n",
      "[0.14925761 0.10092948 0.71517816 0.03463475]\n",
      "[0.14824932 0.10024767 0.71710223 0.03440078]\n",
      "[0.14725572 0.09957578 0.71899829 0.03417022]\n",
      "[0.14627648 0.09891361 0.72086692 0.03394299]\n",
      "[0.14531131 0.09826095 0.72270872 0.03371902]\n",
      "[0.14414147 0.10552046 0.71689051 0.03344756]\n",
      "[0.08815369 0.06117851 0.83127562 0.01939218]\n",
      "[0.14988236 0.1040181  0.71312819 0.03297135]\n",
      "[0.08683788 0.06026534 0.83379405 0.01910273]\n",
      "[0.14797842 0.10269677 0.7167723  0.03255252]\n",
      "[0.05069251 0.01759026 0.92892937 0.00278785]\n",
      "[0.14612651 0.10141154 0.72031682 0.03214513]\n",
      "[0.03027891 0.01400901 0.95349182 0.00222027]\n",
      "[0.14432452 0.10016097 0.72376577 0.03174873]\n",
      "[0.14344163 0.09954825 0.72545561 0.03155451]\n",
      "[0.08254796 0.05728814 0.84200487 0.01815903]\n",
      "[0.14171084 0.09834708 0.72876831 0.03117377]\n",
      "[0.14086249 0.09775833 0.73039204 0.03098715]\n",
      "[0.03613506 0.01671845 0.94449681 0.00264968]\n",
      "[0.13919876 0.0966037  0.73357639 0.03062116]\n",
      "[0.04073096 0.08480164 0.86550735 0.00896006]\n",
      "[0.07921876 0.05497769 0.84837688 0.01742667]\n",
      "[0.13678245 0.09492679 0.73820114 0.03008961]\n",
      "[0.13580028 0.1014257  0.73290046 0.02987355]\n",
      "[0.02660581 0.01418405 0.95725921 0.00195093]\n",
      "[0.13407049 0.10721319 0.7292233  0.02949303]\n",
      "[0.14005709 0.10647197 0.72418181 0.02928913]\n",
      "[0.13927537 0.1058777  0.72572127 0.02912566]\n",
      "[0.13850321 0.10529071 0.72724189 0.02896418]\n",
      "[0.03518296 0.02674623 0.93071325 0.00735756]\n",
      "[0.05721942 0.02174922 0.91504842 0.00598294]\n",
      "[0.05530692 0.04204455 0.89108259 0.01156594]\n",
